path listMPDef[];
listMPDef[0] = (0.000000*scale+ offsetX, 4.000000*scale+ offsetY)--(0.300000*scale+ offsetX, -1128.186299*scale+ offsetY)--(0.600000*scale+ offsetX, -2082.265841*scale+ offsetY)--(0.900000*scale+ offsetX, -2879.041213*scale+ offsetY)--(1.200000*scale+ offsetX, -3539.315003*scale+ offsetY)--(1.500000*scale+ offsetX, -4083.889796*scale+ offsetY)--(1.800000*scale+ offsetX, -4533.568180*scale+ offsetY)--(2.100000*scale+ offsetX, -4909.152742*scale+ offsetY)--(2.400000*scale+ offsetX, -5231.446069*scale+ offsetY)--(2.700000*scale+ offsetX, -5521.250747*scale+ offsetY)--(3.000000*scale+ offsetX, -5799.369364*scale+ offsetY);
listMPDef[1] = (2.996681*scale+ offsetX, -5799.369364*scale+ offsetY)--(3.596681*scale+ offsetX, -8445.992057*scale+ offsetY)--(4.196681*scale+ offsetX, -10713.299538*scale+ offsetY)--(4.796681*scale+ offsetX, -12687.691807*scale+ offsetY)--(5.396681*scale+ offsetX, -14455.568865*scale+ offsetY)--(5.996681*scale+ offsetX, -16103.330711*scale+ offsetY)--(6.596681*scale+ offsetX, -17717.377345*scale+ offsetY)--(7.196681*scale+ offsetX, -19384.108769*scale+ offsetY)--(7.796681*scale+ offsetX, -21189.924981*scale+ offsetY)--(8.396681*scale+ offsetX, -23221.225982*scale+ offsetY)--(8.996681*scale+ offsetX, -25564.411772*scale+ offsetY);
listMPDef[2] = (2.996681*scale+ offsetX, -5799.369364*scale+ offsetY)--(2366.581699*scale+ offsetX, -4027.305601*scale+ offsetY)--(4228.218453*scale+ offsetX, -2631.703035*scale+ offsetY)--(5643.678975*scale+ offsetX, -1570.732644*scale+ offsetY)--(6668.735291*scale+ offsetX, -802.565406*scale+ offsetY)--(7359.159433*scale+ offsetX, -285.372300*scale+ offsetY)--(7770.723428*scale+ offsetX, 22.675696*scale+ offsetY)--(7959.199307*scale+ offsetX, 163.407605*scale+ offsetY)--(7980.359098*scale+ offsetX, 178.652449*scale+ offsetY)--(7889.974830*scale+ offsetX, 110.239248*scale+ offsetY)--(7743.818534*scale+ offsetX, -0.002975*scale+ offsetY);
listMPDef[3] = (8.990043*scale+ offsetX, -25564.411772*scale+ offsetY)--(-243.255995*scale+ offsetX, -25564.211772*scale+ offsetY)--(-415.845074*scale+ offsetX, -25564.011772*scale+ offsetY)--(-517.627969*scale+ offsetX, -25563.811772*scale+ offsetY)--(-557.455452*scale+ offsetX, -25563.611772*scale+ offsetY)--(-544.178297*scale+ offsetX, -25563.411772*scale+ offsetY)--(-486.647276*scale+ offsetX, -25563.211772*scale+ offsetY)--(-393.713163*scale+ offsetX, -25563.011772*scale+ offsetY)--(-274.226730*scale+ offsetX, -25562.811772*scale+ offsetY)--(-137.038752*scale+ offsetX, -25562.611772*scale+ offsetY)--(9.000000*scale+ offsetX, -25562.411772*scale+ offsetY);
draw listMPDef[0] withcolor blue;
draw listMPDef[1] withcolor blue;
draw listMPDef[2] withcolor blue;
draw listMPDef[3] withcolor blue;
