defElem1x = [0.000000, 0.300000, 0.600000, 0.900000, 1.200000, 1.500000, 1.800000, 2.100000, 2.400000, 2.700000, 3.000000]
defElem1y = [4.000000, -1128.186299, -2082.265841, -2879.041213, -3539.315003, -4083.889796, -4533.568180, -4909.152742, -5231.446069, -5521.250747, -5799.369364]
defElem2x = [2.996681, 3.596681, 4.196681, 4.796681, 5.396681, 5.996681, 6.596681, 7.196681, 7.796681, 8.396681, 8.996681]
defElem2y = [-5799.369364, -8445.992057, -10713.299538, -12687.691807, -14455.568865, -16103.330711, -17717.377345, -19384.108769, -21189.924981, -23221.225982, -25564.411772]
defElem3x = [2.996681, 2366.581699, 4228.218453, 5643.678975, 6668.735291, 7359.159433, 7770.723428, 7959.199307, 7980.359098, 7889.974830, 7743.818534]
defElem3y = [-5799.369364, -4027.305601, -2631.703035, -1570.732644, -802.565406, -285.372300, 22.675696, 163.407605, 178.652449, 110.239248, -0.002975]
defElem4x = [8.990043, -243.255995, -415.845074, -517.627969, -557.455452, -544.178297, -486.647276, -393.713163, -274.226730, -137.038752, 9.000000]
defElem4y = [-25564.411772, -25564.211772, -25564.011772, -25563.811772, -25563.611772, -25563.411772, -25563.211772, -25563.011772, -25562.811772, -25562.611772, -25562.411772]
pltpy.plot(defElem1x, defElem1y,'y')
pltpy.plot(defElem2x, defElem2y,'y')
pltpy.plot(defElem3x, defElem3y,'y')
pltpy.plot(defElem4x, defElem4y,'y')
