defElem1x = [4.000000, 5111.679993, 9531.039987, 13322.559982, 16546.719977, 19263.999973, 21534.879969, 23419.839967, 24979.359965, 26273.919965, 27363.999965]
defElem1y = [0.000000, 0.600000, 1.200000, 1.800000, 2.400000, 3.000000, 3.600000, 4.200000, 4.800000, 5.400000, 6.000000]
defElem2x = [41345.572744, 39888.383272, 38434.771508, 36988.315161, 35552.591941, 34131.179556, 32727.655715, 31345.598127, 29988.584500, 28660.192543, 27363.999965]
defElem2y = [27979.142678, 25063.763733, 22155.540205, 19261.627512, 16389.181072, 13545.356302, 10737.308620, 7972.193443, 5257.166189, 2599.382276, 5.997120]
defElem3x = [27363.999965, 29235.214799, 31042.030876, 32791.603612, 34491.088426, 36147.640735, 37768.415956, 39360.569507, 40931.256805, 42487.633269, 44036.854315]
defElem3y = [5.997120, -3735.432548, -7348.064701, -10846.210174, -14244.179801, -17556.284419, -20796.834861, -23980.141963, -27120.516560, -30232.269488, -33329.711580]
pltpy.plot(defElem1x, defElem1y,'y')
pltpy.plot(defElem2x, defElem2y,'y')
pltpy.plot(defElem3x, defElem3y,'y')
